channel : 0 
255 255 255 255 255 255 255 255 255 255 
255 255 255 255 255 255 255 255 255 255 
0 0 0 0 0 0 0 0 0 0 
0 0 0 0 0 0 0 0 0 3 
0 0 0 0 0 0 0 0 83 118 
0 0 0 0 0 0 0 15 110 49 
0 0 0 0 0 0 0 0 0 0 
0 0 0 0 0 0 0 0 0 0 
0 0 0 0 0 0 0 0 0 0 
0 0 0 0 0 0 0 0 0 0 
255 255 255 255 255 255 255 255 255 255 
255 255 255 255 255 255 255 255 255 255 



channel : 1 
0 0 0 0 0 0 0 0 0 0 
0 0 0 0 0 0 0 0 0 0 
255 255 255 255 255 255 255 255 255 255 
255 255 255 255 255 255 255 255 255 255 
0 0 0 0 0 0 0 0 84 119 
0 0 0 0 0 0 0 15 111 49 
0 0 0 0 0 0 0 0 0 0 
0 0 0 0 0 0 0 0 0 0 
0 0 0 0 0 0 0 0 0 0 
0 0 0 0 0 0 0 0 0 0 
255 255 255 255 255 255 255 255 255 255 
255 255 255 255 255 255 255 255 255 255 



channel : 2 
0 0 0 0 0 0 0 0 0 0 
0 0 0 0 0 0 0 0 0 0 
0 0 0 0 0 0 0 0 0 0 
0 0 0 0 0 0 0 0 0 3 
255 255 255 255 255 255 255 255 251 248 
255 255 255 255 255 255 255 254 241 194 
0 0 0 0 0 0 0 0 0 0 
0 0 0 0 0 0 0 0 0 0 
0 0 0 0 0 0 0 0 0 0 
0 0 0 0 0 0 0 0 0 0 
255 255 255 255 255 255 255 255 255 255 
255 255 255 255 255 255 255 255 255 255 



channel : 3 
255 255 255 255 255 255 255 255 255 255 
255 255 255 255 255 255 255 255 255 255 
255 255 255 255 255 255 255 255 255 255 
255 255 255 255 255 255 255 255 255 255 
255 255 255 255 255 255 255 255 255 255 
255 255 255 255 255 255 255 255 255 255 
0 0 0 0 0 0 0 0 0 0 
0 0 0 0 0 0 0 0 0 0 
255 255 255 255 255 255 255 255 255 255 
255 255 255 255 255 255 255 255 255 255 
255 255 255 255 255 255 255 255 255 255 
255 255 255 255 255 255 255 255 255 255 



